Length-for-age BOYS @ World Health
Birth to 2 years (z-scores) Organization
Z-scores (length in cm)

Year: Month Month LM s SD 35D 25D 1SD_ Median 15D 25D 35D
00 0 1 49882 0.031% 18931 2 16.1 180 199 518 53.7 55.6
01 11 se72e4 00357 19465 189 508 28 517 67 586 606
02 2 1 sede 0024 20005 524 544 S64 584 60.4 624 644
03 31 eLemz 00828 2044 553 513 50.4 614 635 65 676
0:4 4 1 63.8860 0.03257 2.0808 57.6 59.7 61.8 639 66.0 68.0 70.1
0s 51 65906 003204 21115 506 617 638 659 68.0 0.1 122
06 6 1 e768 003165 21403 612 633 65 675 698 ne 710
0:7 7 1 69.1645 0.03139 21711 62.7 648 67.0 69.2 n3 735 75.7
0s 81 70591 003121 22085 610 662 68.4 706 728 750 m2
09 9 1 Tie 003117 2243 652 615 60.7 720 712 765 787
0:10 10 {3 73.2812 0.03118 2.2849 66.4 68.7 71.0 733 756 719 80.1
ou 11 Tass 003125 2303 676 60.9 22 5 769 792 815
10 121 Tiss 0031 23762 685 710 34 757 78.1 505 829
1 131 T6918 003154 24260 696 721 5 769 93 518 842
12 U1 0M 00374 24773 706 71 756 780 805 830 855
13 151 Tous 003197 25303 6 701 766 79.1 817 812 867
14 1 8023 0022 2584 725 75.0 6 802 828 854 880
15 171 BL2087 003250 26406 733 760 786 512 839 865 892
16 181 m2 003279 26073 2 769 796 823 80 817 90.4
17 19 1 E2418 0010 2755 750 m7 805 82 860 888 915
18 0 1 8L1% 00342 28140 758 786 811 812 87.0 898 926
19 21 sams 00376 2872 765 79.4 823 85.1 80 209 938
1:10 21 80m 00310 29342 2 802 831 860 890 919 919
En 23 1 86910 00345 2991 780 810 89 869 509 929 95.9
2.0 201 srsiel 00370 30551 787 817 818 578 9209 939 97.0